lat: 52.83492
lng: 13.81951
dbusserver: true
